16 2 3 5 9 10 30 15 
16 33 35 24 8 10 26 13 
1 19 3 36 7 24 12 15 
33 19 22 6 8 26 10 28 
18 20 21 37 39 24 25 27 30 
34 3 36 5 6 38 7 8 40 
18 21 38 39 40 12 14 30 15 
19 20 4 38 6 8 25 12 30 
32 2 5 38 24 28 29 14 
17 34 19 21 38 22 7 25 28 
5 38 8 40 26 15 31 
32 4 21 37 24 40 27 12 29 
33 3 20 5 22 39 23 24 9 
33 20 37 6 39 11 27 14 
16 32 3 8 9 13 29 14 
32 17 3 36 4 7 8 9 11 30 
34 3 35 20 39 7 10 26 29 30 
17 18 21 25 28 13 29 30 14 15 
34 3 35 36 40 9 12 14 30 
18 3 36 20 22 39 24 28 13 30 
